El: 0
FinalH:
23.3333 -2.5 -8.33333 -2.5
-2.5 20 -4.16667 -8.33333
-8.33333 -4.16667 16.6667 -4.16667
-2.5 -8.33333 -4.16667 20

El: 1
FinalH:
20 -2.5 -8.33333 -4.16667
-2.5 20 -4.16667 -8.33333
-8.33333 -4.16667 16.6667 -4.16667
-4.16667 -8.33333 -4.16667 16.6667

El: 2
FinalH:
20 -2.5 -8.33333 -4.16667
-2.5 23.3333 -2.5 -8.33333
-8.33333 -2.5 20 -4.16667
-4.16667 -8.33333 -4.16667 16.6667

El: 3
FinalH:
20 -4.16667 -8.33333 -2.5
-4.16667 16.6667 -4.16667 -8.33333
-8.33333 -4.16667 16.6667 -4.16667
-2.5 -8.33333 -4.16667 20

El: 4
FinalH:
16.6667 -4.16667 -8.33333 -4.16667
-4.16667 16.6667 -4.16667 -8.33333
-8.33333 -4.16667 16.6667 -4.16667
-4.16667 -8.33333 -4.16667 16.6667

El: 5
FinalH:
16.6667 -4.16667 -8.33333 -4.16667
-4.16667 20 -2.5 -8.33333
-8.33333 -2.5 20 -4.16667
-4.16667 -8.33333 -4.16667 16.6667

El: 6
FinalH:
20 -4.16667 -8.33333 -2.5
-4.16667 16.6667 -4.16667 -8.33333
-8.33333 -4.16667 20 -2.5
-2.5 -8.33333 -2.5 23.3333

El: 7
FinalH:
16.6667 -4.16667 -8.33333 -4.16667
-4.16667 16.6667 -4.16667 -8.33333
-8.33333 -4.16667 20 -2.5
-4.16667 -8.33333 -2.5 20

El: 8
FinalH:
16.6667 -4.16667 -8.33333 -4.16667
-4.16667 20 -2.5 -8.33333
-8.33333 -2.5 23.3333 -2.5
-4.16667 -8.33333 -2.5 20

23.3333 -2.5 0 0 -2.5 -8.33333 0 0 0 0 0 0 0 0 0 0
-2.5 40 -2.5 0 -8.33333 -8.33333 -8.33333 0 0 0 0 0 0 0 0 0
0 -2.5 40 -2.5 0 -8.33333 -8.33333 -8.33333 0 0 0 0 0 0 0 0
0 0 -2.5 23.3333 0 0 -8.33333 -2.5 0 0 0 0 0 0 0 0
-2.5 -8.33333 0 0 40 -8.33334 0 0 -2.5 -8.33333 0 0 0 0 0 0
-8.33333 -8.33333 -8.33333 0 -8.33334 66.6667 -8.33333 0 -8.33333 -8.33333 -8.33333 0 0 0 0 0
0 -8.33333 -8.33333 -8.33333 0 -8.33333 66.6667 -8.33333 0 -8.33333 -8.33333 -8.33333 0 0 0 0
0 0 -8.33333 -2.5 0 0 -8.33333 40 0 0 -8.33333 -2.5 0 0 0 0
0 0 0 0 -2.5 -8.33333 0 0 40 -8.33333 0 0 -2.5 -8.33333 0 0
0 0 0 0 -8.33333 -8.33333 -8.33333 0 -8.33333 66.6667 -8.33333 0 -8.33333 -8.33333 -8.33333 0
0 0 0 0 0 -8.33333 -8.33333 -8.33333 0 -8.33333 66.6667 -8.33333 0 -8.33333 -8.33334 -8.33333
0 0 0 0 0 0 -8.33333 -2.5 0 0 -8.33333 40 0 0 -8.33333 -2.5
0 0 0 0 0 0 0 0 -2.5 -8.33333 0 0 23.3333 -2.5 0 0
0 0 0 0 0 0 0 0 -8.33333 -8.33333 -8.33333 0 -2.5 40 -2.5 0
0 0 0 0 0 0 0 0 0 -8.33333 -8.33334 -8.33333 0 -2.5 40 -2.5
0 0 0 0 0 0 0 0 0 0 -8.33333 -2.5 0 0 -2.5 23.3333